172671491
395639817
1328128010
2214946316
3034291458
577448982
88931863
761510424
94168113
1528941805
357393076
1643006010
144937531
55110212
886471094
292503116
2598349389
154643536
529972305
2823326292
2887168087
2734435002
2213971044
235314286
3433931027
3183579769
2510205079
31404193
303309476
3300843173
2870376110
3259592370
479226548
1549443258
20166847
2198644940
307752654
541224655
511571153
323703075
3570898645
1016433882
458117344
1160408804
2749775057
1368406765
82888430
373164784
117997811
302125302
2931675387
2561503490
3033118988
3434545934
58753810
3180673299
3098489119
292168483
3116163364
2285840166
233804073
29584688
3403014972
1676515646
2569071427
39538010
469298532
224945515
273065836
3399038956
541337967
2427948007
46760825
2665638281
1004213131
1532724110
2922268559
3208530832
390939028
2598211989
2861918616
96299933
3309479664
2097571
2397633444
400632229
2410436022
1589732798
426422223
533394907
3538988000
528351719
2504839657
2539848682
316178412
3331171823
1468999158
2904755706
199490044
3315005437
