2929611179
825049610
3375861381
3064411822
2169106454
3219860503
546555929
3243991581
122790434
3639968296
3061821993
1952386092
3037219373
572897326
2553003572
3549494840
3377460793
3320122939
2405834813
3398224450
2985530441
3449350221
2312479313
2912634964
3143007829
2945671768
3053236197
3430619834
3480921445
2150066272
3503269992
3196416105
3527041642
193968239
260149360
3057581682
3568646772
2796702839
3497459834
3673393276
1425780350
3293807745
1487891636
2906033430
3288412301
1015988881
2372300468
2897842325
3672820888
3685042643
3268619930
2311919264
1286621894
461526184
2950687401
343557294
53430736
3578672309
3387506360
2371985082
2781531323
3624387261
44747974
46686409
3305415374
3265683150
1004115162
2492171995
3366079198
3067648224
2971594977
3357453027
1930859748
3312137340
40798442
1633673964
1084821229
977428723
2845695735
1468932348
2181349634
3427325703
1686790926
3016227087
849328400
413457172
3213732118
3047511320
1189921052
998707333
2302259488
3426273569
1216543010
1513044259
1053850406
203983655
3466632493
54533934
3400921911
3357893434
3621743423
61093698
3082627907
3300488598
1151431393
2989962070
708774745
132623707
1966131036
2803330398
3348159839
2415860066
92111419
3656752997
2382923622
2925846753
2903929197
2241044846
2641813871
3620813177
457625466
3330371451
142396796
167929066
2426739582
1429898646
2850692681
3086418316
2923861570
29366677
1370986902
851636119
3087940418
3438732191
2909837729
513681315
3591616932
2179758507
3193169836
910034864
283971505
3656098889
2798337951
1702117308
2629714365
349359039
3372810689
3292668354
1036746692
417571745
2837310711
272557008
709667281
341003731
3062114724
2933537244
3644166623
3623834597
1575646694
3483921383
2232135151
496758256
3384622577
1433673714
3309992436
1924740265
3564615673
