3313620992
3392432129
3366576341
632078339
2974004517
135448582
76683271
321296392
346501132
3132084226
1134858254
253138959
2396688402
26259480
546555929
2776840220
132522330
1308776478
14860319
1273258016
2567401505
3342649378
3271614499
598690292
350400549
20504614
1110218791
36646082
2838730099
19953708
3017261102
2912919599
1514579976
2949570611
19728929
2549481530
3384481851
1450106941
114993845
3643579216
28158017
2882545732
3269478470
3160494433
2522785866
3459887179
15157327
21184595
3237658709
3388338263
2595839323
2484611165
3354920293
178960480
85084261
627673190
3196416105
226367595
153747564
2453319698
17309350
64614513
1690970227
1967298678
53061751
3644079501
3497459834
425116010
2257307774
516872320
85379201
3522088636
998707333
2584627334
478865543
2483835018
1859608716
1956100237
3140556946
3098960019
316285076
421777559
66823061
3611732122
2802158959
1592687642
1462276256
30180038
65011879
1710379177
222261420
3312904365
1588011187
3409479861
3041851575
212917771
34713787
22253756
3285287101
26810777
2495418561
20043970
2429798596
2425639110
2905663690
546743671
133273804
1299984590
2754511057
2688552654
288205018
3244875996
49758429
2939478239
3332251872
2971594977
2303039714
23965924
3288420270
2375592168
3609360617
76794094
78336241
258521333
1972846838
62228728
413514111
1468932348
3307783806
1565458686
2316116377
464122115
533643767
75514924
3298775306
2716516619
912802064
2727788817
572897326
3213732118
3566201113
1259704602
16099375
1189921052
1509622045
849852702
3322287493
3426273569
1513044259
2228440454
2507353321
3222595879
1152837932
3375882973
414213512
865075508
3054487262
2472694070
287968263
2886745823
3280216134
3425044798
2440003904
2929223051
740713526
1910378822
192659783
1732952395
549132620
3065981883
3141606231
3253091384
3320723795
21211477
1566603606
789262680
477553751
21864795
63697245
917258593
3331631459
2805827940
20600002
2695604586
2903929197
2241044846
3044590653
3019356529
42606732
140556661
2885448145
2959321464
204910970
329920891
3347425660
3386572522
336284031
2426739582
635622629
3454824854
201435526
145600904
2364191119
2891901329
3461140882
1400372622
30540183
1851877784
207650884
3537156508
3426955678
2770669983
3538282992
3207637409
2230808994
44343716
60500389
2829094642
3023176110
2339469745
2697220531
460755380
2991047753
2724407736
28135127
586506683
398776764
1139473482
18006462
128548597
3372810689
787007563
188926404
133458374
2949634503
96104904
198177868
1446824394
351953355
2659517617
709667281
572621267
2945649742
2457894188
3435069911
3163050458
3026305499
313303802
321458656
15192229
73597410
601770467
56984146
2394952166
328088040
1167155690
40272074
3270205933
2890379759
454275568
2835962353
3385748945
3104954868
21236215
2642803193
228336122
101911036
309124864
1693239811
790125061
273416711
71512585
2156179978
21688843
183212556
3133895530
3307379215
750895632
53044283
3321992278
193321495
2900107802
339943969
3375530532
20681253
3321032590
1116897835
95986221
382859822
399979661
3350653493
962271799
3499956792
903883321
1913776698
3432561212
1102923530
3500155454
164252225
1858639627
18516548
352111174
209257081
17248845
3318086222
3581480717
757803600
30163537
936450642
3486847572
23621049
81578584
3460352601
20785093
2525007290
3321756254
94980703
1106125243
724408933
3309742694
3533535676
3527041642
51206763
480502380
2938264173
3268475502
90606191
759722612
3432272417
1134250614
3436735593
254526072
3445658233
22655610
434940540
1669940330
23532159
309825643
2798240388
2173463173
3393657478
3504793355
3133810767
3633570443
2987397774
23423631
3579945616
1015988881
906390162
6337172
493838997
431837847
32918169
234829159
1392300703
19571360
2855625499
403894948
107010726
26321577
1853739067
2250556075
3070698269
3639995056
628675251
17509045
2495558328
609391732
1914301116
21547709
2809769008
28191425
1171333826
701364931
3416783759
356133573
1286621894
2761315015
2796702839
1707375308
2160493262
2552585336
2966190802
3079639765
262845145
3106108123
145961692
436138106
22971102
3315430111
61055712
3104464336
102658786
3357453027
389628644
747445022
3166454503
203983655
1633673964
260930285
1365371634
3283952083
2327211618
19679993
1521699578
2941625087
3409353473
2960349963
22450947
3266407172
21457671
887489288
1205532768
1416624906
2800104919
2405698317
745143055
274543963
2760942358
137409303
147821336
2591132804
2436210614
909114842
1642052382
292109088
3260885793
3291351515
44108580
20536103
557586657
1927838509
2477527855
2293039920
114340657
140747570
3054336819
3399818039
19401532
3621743423
1225200452
425220933
2362468352
33618760
2996771980
588878666
2183160651
3023913442
2194379598
2988499791
65289040
85569336
16892754
868875092
3570402134
3119479639
20560729
3267148638
3654374243
48143209
15147882
76055404
585467965
3325881198
17292143
92771184
95472499
1099489045
2893591414
45344916
418775930
2728231805
1564017534
3226307455
1426243392
2291252102
202939273
325014410
265649035
3442903948
3133772685
3473284937
2285312911
2578545552
357407635
2374356462
2881659799
2789031967
2723550106
2809179036
356522909
3438732191
3313605536
417571745
3311839387
3006698407
1485362088
2486298397
3130784687
358253488
3626367922
2946880435
2490760116
1030656949
2715304777
61524920
3309992436
48395194
207023035
415953853
349359039
3304994976
3482532803
245992388
16653253
170759111
2950687401
1356764971
3245702090
3145630667
2555554765
1737268178
3637181961
3315383411
2748130468
3318594522
3215246159
2963722746
2587543717
3315002337
1428777954
3177356113
3310795752
1378384873
3013026794
59110226
3233141742
90606575
3438480369
481217525
327511893
62014464
3321713670
3312598023
528878600
1928041483
19535900
3228532909
3322194960
105540625
48075796
3422983095
15375383
1921160216
2917581850
42300444
3419223069
2484982277
1394168864
214049826
424301603
792941604
23946417
3421068328
2340078087
429339692
289909806
70884399
3294078000
60175409
1491246259
57067366
3300400182
3020046857
2208511032
3388120121
42175546
2568553531
229936188
1710068234
2322304064
3418278411
484895812
2612021772
1150237770
3366982732
3630254895
39623760
1613356692
138450006
3407318103
48646980
174607451
977837196
721319006
1643680867
3252569188
3105950821
2179595368
2876857449
3226178666
2153702508
155620461
2313002094
299719794
393024627
709882996
576353397
2214247543
1691478445
3529270397
36396565
89779328
194276481
3258602626
3298251907
395351172
45075781
202724488
2925700234
15342732
180597901
3348159839
191946606
515908501
1057827012
82465947
3460768282
3057069214
1545817248
3355453605
2653326498
241079460
2149129382
2994406569
1197798570
454835360
586886319
2301674673
3643154656
1009233078
3429794999
3390690424
3404119227
3300334781
944448702
3447508162
2797979808
32122637
3184676037
536890567
2847302856
3133805769
1046881484
2290117837
115181368
3424058578
2302790869
3277793174
2248188793
92775640
3439185113
3065132250
402834651
3227849948
2567680549
252681440
533572833
2666304738
1930859748
15893733
18734310
3335060711
2516321512
524739817
167929066
3329467629
3407723758
19660015
143242480
3294922826
3034764533
1377846518
2150066272
21400825
1662117116
3645021437
3164589269
2822976768
1377065515
915002628
3171439830
413029638
3147970433
19766537
2803975435
3375768844
3037219373
1615729938
1451216149
318666007
3047511320
497399065
415624476
3342181661
243938594
175238437
20614439
3455513897
2382923622
435825964
250731821
458830469
3482545461
575554871
249249080
36969785
3004296415
3401256252
234396992
3067648224
3019289922
3461847947
230075717
29109574
2925846753
3438847306
3170075979
894573901
53197137
22121808
396722744
1167293778
2512141651
3123707221
482078038
44428635
3127246173
3526679902
2912050527
1702393184
21419363
3480921445
1349223782
3537429863
2834609077
1345924459
2302541167
3384548721
73160051
360381813
407379177
3428275576
1091509626
304352831
2810547580
390940029
2602886527
3079359872
2902242693
1218956678
2371087752
3192436105
366355851
57187725
107992462
3386393999
91061651
2372255124
3300488598
3483426201
253674906
2290742683
3422727749
100789667
1048463942
1374567846
2218311080
3346558377
3457424135
282951239
3077954988
319316809
3323835293
2850692681
1514608057
3542769082
3628277663
3247148476
3241263349
1588860354
976936387
3407238597
223704520
21565004
587689418
155557198
22549966
2995377616
18245880
3238946261
240799191
703210970
29717980
125314525
3296259552
475304777
68603362
270881956
1575646694
3116983786
3004156839
2334895936
3259472466
473163246
2232135151
15388144
260955638
2375583224
3133894138
298921215
2888787457
194942468
2911383048
233877001
18367453
560736855
2945192536
3427870228
126025237
97954948
1091472920
3569024537
132623707
3382895194
2706816542
71314976
3431831073
3367161378
113780259
3118872446
3483422248
209004862
3111374087
2832547372
3350879789
412050992
1020696116
97015350
31702589
3233389493
3500215872
255305283
3121067588
2573459382
2601258566
2873304647
3321361993
2389517239
2799677004
2786082402
2967322191
619185747
707921493
55150679
3450105432
3356288603
2990559845
3391393378
114560611
16275044
3624715877
34188906
3431204463
368916080
374515381
351521997
1648541300
231505530
2874142333
1425780350
731565696
202381248
2227617410
3107691193
1121944801
3091412622
346781328
2411677429
278799299
400547476
2213264640
140298521
3288813211
1918742174
30287813
3420540579
1623510692
2949779440
122963622
3140888232
1143756458
1327265455
385566384
3124514482
720547508
1245826741
3387506360
2371985082
36665020
30662334
1060878020
242542278
3407161391
2830755532
1117337294
2367030221
3528996565
52012759
38090456
2512922329
2665266906
3388350172
1958121182
1055694559
248628960
1496594149
201440998
108580585
155868906
718868204
3402794734
1649597053
16432882
1732976371
3164714622
993019638
369782522
3220895484
13743872
1616154240
37947138
16289542
3407517447
3648220937
2861373194
3130091275
459085580
3306073730
919435022
2669115761
2507599632
436823825
2921741428
2791298838
2719962073
245888792
181466905
3219559386
492687135
2513205024
184540464
121546530
3184709411
3548481316
2853764905
34996011
54533934
63438639
2290874163
3557893940
2258986806
19429176
108844857
3353263931
12836672
3047989058
233288673
21096264
29699913
204898122
3439691063
3568639823
3627903556
482990562
54576979
3339450196
1726409358
23922520
3435460443
3642564923
1707775844
706352998
389422951
2709190700
3483921383
2327160686
3296960367
193116017
3433348979
78348149
3445534697
575700856
2693086868
3435755386
1269669866
1704976254
3297945960
165404608
3010813513
28088199
1104859016
14837660
574594956
827381646
1861169040
124496369
356741012
3001754606
3219791766
3222794137
68949914
236643311
3485443996
56223647
197048224
1690693537
3401940898
2950139206
81825702
16096075
3055075683
3062507436
53649325
921609374
3133167535
2972454832
3306297268
2739752885
628373430
55158718
133247989
546336704
400880288
2305460162
121226571
55736261
2725924818
3044534229
471628452
202344410
332808155
2896789469
2946181090
1517221860
342861797
52824038
21546983
108191721
394338282
3365660598
267708400
1348194289
569167187
177190900
124278773
2620426230
1028706985
61175801
3040516091
2268006397
3410243925
